Loss after epoc 0.36409682408436816
Eval after epoc 1
Loss after epoc 0.2708664188782374
Eval after epoc 2
Loss after epoc 0.25215238081625996
Eval after epoc 3
Loss after epoc 0.24368670660323813
Eval after epoc 4
ro = 0.14544672870974704
f1_micro = 0.48628513376227567
prec_at_15 = 0.24861199406653955
prec_at_8 = 0.3320883661792753
prec_macro = 0.11496194095941104
prec_micro = 1.1356267299327798
rec_at_15 = 0.642304529662352
rec_at_8 = 0.46311985028493685
rec_macro = 0.19793325891660327
rec_micro = 0.30938274264785093
***** Eval results *****acc_macro = 0.11194747348374978
acc_micro = 0.17762205362830832
auc_macro = 0.7734215060664531
auc_micro = 0.8164087685707213
f1_at_15 = 0.3843094007119565
f1_at_8 = 0.42456902757319287
f1_macro = 0.23474675656637742
f1_micro = 0.5722014925373136
prec_at_15 = 0.26628522992159354
prec_at_8 = 0.3611729179910998
prec_macro = 0.23618406856264126
prec_micro = 2.1343075852470426
rec_at_15 = 0.690241373758381
rec_at_8 = 0.5149589566647249
rec_macro = 0.2333268324480035
rec_micro = 0.33038888290423357
***** Eval results *****acc_macro = 0.1217972589288187
acc_micro = 0.19582492431886983
auc_macro = 0.7788881345274333
auc_micro = 0.825379458496903
f1_at_15 = 0.3920127360468452
f1_at_8 = 0.44541686829258054
f1_macro = 0.48104517763708377
f1_micro = 0.5549101956929676
prec_at_15 = 0.2704386522568341
prec_at_8 = 0.37706611570247933
prec_macro = 199999997.35963088
prec_micro = 1.6273584905660377
rec_at_15 = 0.7121600330816812
rec_at_8 = 0.544033852744506
rec_macro = 0.24052258910779747
rec_micro = 0.3344823871593235
***** Eval results *****acc_macro = 0.12056944085097644
acc_micro = 0.19496344435418358
auc_macro = 0.7808820319957753
auc_micro = 0.8271521785992864
f1_at_15 = 0.39315166989003647
f1_at_8 = 0.4467281863357453
f1_macro = 0.4750382574094253
f1_micro = 0.5616056160561604
prec_at_15 = 0.27124390760754397
prec_at_8 = 0.3783375715193897
prec_macro = 399999994.77439165
prec_micro = 1.7067833698030634
rec_at_15 = 0.7140936642718846
rec_at_8 = 0.5452999408200765
rec_macro = 0.237519128845751
rec_micro = 0.33609824410212213
