***** Eval results *****acc_macro = 0.0
acc_micro = 0.0
auc_macro = 0.5071967541444102
auc_micro = 0.9353117574080793
f1_at_15 = 0.18908300361593314
f1_at_8 = 0.1572262635957377
f1_macro = 0.0
f1_micro = nan
prec_at_15 = 0.19276236429433052
prec_at_8 = 0.22956875753920386
prec_macro = 0.0
prec_micro = nan
rec_at_15 = 0.1855414720571244
rec_at_8 = 0.11955247712348575
rec_macro = 0.0
rec_micro = 0.0
***** Eval results *****acc_macro = 0.0
acc_micro = 0.0
auc_macro = 0.5048138695197275
auc_micro = 0.9458863457137144
f1_at_15 = 0.18814981903686037
f1_at_8 = 0.1572262635957377
f1_macro = 0.0
f1_micro = nan
prec_at_15 = 0.19227985524728586
prec_at_8 = 0.22956875753920386
prec_macro = 0.0
prec_micro = nan
rec_at_15 = 0.1841934726439164
rec_at_8 = 0.11955247712348575
rec_macro = 0.0
rec_micro = 0.0
